
Graph Dataset :graph_4.txt

Adjacency Matrix :
[[0. 1. 1. 1. 1. 0. 1.]
 [1. 0. 0. 0. 0. 0. 0.]
 [1. 1. 0. 0. 0. 0. 0.]
 [0. 1. 1. 0. 1. 0. 0.]
 [1. 0. 1. 1. 0. 1. 0.]
 [1. 0. 0. 0. 1. 0. 0.]
 [0. 0. 0. 0. 1. 0. 0.]]

Implement >
                     Hub               Authority
4   [0.1837348365905041]     [0.201425041553256]
2  [0.10868335659196027]   [0.20082309403907608]
1  [0.04776250054880305]   [0.17791181395679528]
3  [0.19865932442839782]    [0.1401777919110339]
0  [0.27545289304813597]   [0.13948446662880473]
6  [0.06897229412169785]   [0.08408831301163074]
5   [0.1167347946705009]  [0.056089478899403175]
                PageRank
0  [0.28028775735575334]
4   [0.1841986673136965]
1   [0.1587646872485608]
2  [0.13888170080462586]
3  [0.10821930792439603]
6  [0.06907737460022821]
5  [0.06057050475273926]
                                                                                                                               SimRank
0   [1.0, 0.13785734257851975, 0.13393125362184838, 0.13603931447638828, 0.13559737389491208, 0.1588345291114338, 0.11324409984134282]
1    [0.13785734257851973, 1.0, 0.15682983233992698, 0.1403984493736493, 0.15808918029754127, 0.11085130570791396, 0.1699455930393846]
2     [0.13393125362184838, 0.15682983233992698, 1.0, 0.17141821075483393, 0.149946347777832, 0.1724465297307996, 0.17038989177886826]
3     [0.13603931447638828, 0.1403984493736493, 0.17141821075483396, 1.0, 0.13014867473193323, 0.2066103247034261, 0.2011691118777471]
4  [0.13559737389491208, 0.15808918029754127, 0.14994634777783203, 0.13014867473193323, 1.0, 0.10520867961814236, 0.15508866984572411]
5     [0.1588345291114338, 0.11085130570791396, 0.1724465297307996, 0.2066103247034261, 0.10520867961814236, 1.0, 0.10847789911592967]
6    [0.11324409984134282, 0.1699455930393846, 0.17038989177886826, 0.2011691118777471, 0.15508866984572411, 0.10847789911592967, 1.0]

HITS Algorithm Execution time :0.0003806954076175138 sec
PageRank Algorithm Execution time :0.0011315697751283008 sec
SimRank Algorithm Execution time :0.0004576157109719603 sec

Using NetworkX >
     Hub  Authority
4  0.184      0.201
2  0.109      0.201
1  0.048      0.178
3  0.199      0.140
0  0.275      0.139
6  0.069      0.084
5  0.117      0.056
   PageRank
0     0.280
4     0.184
1     0.159
2     0.139
3     0.108
6     0.069
5     0.061

HITS Algorithm Execution time :0.0011006213718254276 sec
PageRank Algorithm Execution time :0.0007049024674592452 sec

***Repl Closed***
