Graph Dataset :graph_7.txt

Adjacency Matrix :
[[0. 0. 0. 1. 1. 1. 0. 1. 1. 0. 1. 0. 0. 1. 0. 0. 1. 1. 0. 0. 0. 0. 0. 0.
  0. 0. 0. 0. 0. 0. 0. 0. 0. 1. 1. 1. 0. 1. 1. 1. 1. 1. 1. 0. 1. 0. 1. 0.
  1. 1. 1. 1. 1. 0. 1. 0. 0. 0. 1. 0. 1. 1. 1. 0. 0. 0. 1. 0. 1. 0. 1. 0.
  1. 1. 0. 0. 0. 1. 0. 1. 1. 0. 1. 0. 1. 0. 1. 0. 0. 0. 0. 0. 1. 1. 0. 0.
  1. 0. 0. 0. 1.]
 [0. 0. 0. 1. 1. 0. 1. 1. 0. 1. 1. 1. 1. 1. 0. 0. 1. 1. 0. 1. 1. 0. 1. 0.
  1. 1. 0. 0. 1. 0. 0. 0. 0. 0. 0. 1. 0. 1. 0. 1. 0. 1. 1. 0. 1. 0. 0. 1.
  0. 1. 0. 0. 0. 0. 0. 0. 1. 0. 0. 1. 0. 1. 1. 0. 0. 0. 0. 0. 1. 0. 1. 1.
  1. 0. 0. 0. 0. 0. 0. 1. 0. 0. 1. 1. 1. 1. 0. 0. 0. 0. 1. 1. 1. 0. 1. 1.
  0. 0. 0. 0. 1.]
 [0. 0. 1. 0. 1. 1. 1. 0. 0. 0. 1. 1. 1. 1. 0. 0. 1. 1. 1. 0. 1. 0. 1. 0.
  1. 0. 0. 0. 0. 0. 0. 1. 1. 0. 0. 0. 0. 1. 1. 1. 0. 0. 1. 0. 0. 0. 1. 0.
  0. 0. 0. 1. 0. 0. 0. 0. 1. 0. 0. 1. 1. 1. 1. 0. 0. 0. 1. 1. 1. 1. 1. 0.
  0. 1. 1. 0. 0. 0. 1. 1. 1. 0. 1. 0. 0. 0. 1. 0. 1. 0. 0. 0. 0. 0. 0. 0.
  0. 0. 0. 0. 1.]
 [0. 0. 1. 1. 0. 0. 1. 0. 1. 0. 0. 1. 0. 0. 1. 0. 1. 0. 0. 0. 1. 0. 0. 0.
  0. 1. 0. 1. 1. 0. 1. 0. 1. 0. 0. 1. 0. 1. 0. 1. 0. 0. 1. 0. 1. 0. 1. 1.
  0. 0. 0. 0. 0. 0. 0. 0. 0. 0. 0. 0. 1. 1. 1. 0. 1. 0. 0. 0. 1. 0. 1. 1.
  1. 1. 0. 0. 0. 1. 0. 0. 1. 0. 1. 0. 1. 1. 1. 0. 1. 0. 0. 0. 1. 0. 1. 1.
  1. 0. 0. 0. 1.]
 [1. 0. 1. 0. 1. 1. 0. 1. 0. 0. 1. 0. 0. 1. 0. 0. 1. 0. 0. 1. 1. 0. 0. 0.
  0. 1. 0. 1. 1. 0. 1. 0. 1. 0. 1. 1. 0. 1. 1. 1. 1. 1. 1. 0. 0. 0. 0. 1.
  0. 0. 1. 1. 0. 0. 0. 0. 1. 0. 1. 0. 1. 1. 1. 0. 0. 1. 0. 0. 1. 1. 0. 0.
  0. 0. 0. 0. 1. 0. 0. 1. 1. 1. 1. 0. 1. 1. 0. 0. 1. 1. 0. 0. 0. 0. 1. 0.
  0. 0. 0. 0. 0.]
 [0. 0. 0. 0. 1. 0. 1. 0. 0. 0. 0. 0. 0. 1. 0. 0. 0. 0. 0. 0. 1. 0. 0. 0.
  0. 1. 0. 1. 0. 0. 1. 0. 1. 0. 1. 1. 0. 0. 0. 0. 0. 0. 1. 0. 1. 0. 0. 0.
  0. 1. 0. 0. 0. 0. 0. 0. 0. 0. 0. 0. 1. 1. 1. 0. 0. 0. 0. 0. 1. 0. 0. 0.
  0. 0. 0. 0. 1. 0. 0. 1. 1. 0. 1. 0. 0. 1. 1. 1. 0. 0. 1. 0. 0. 0. 0. 1.
  0. 0. 0. 0. 0.]
 [0. 0. 1. 0. 0. 0. 0. 1. 0. 0. 1. 1. 1. 0. 0. 0. 1. 0. 0. 1. 1. 0. 1. 0.
  1. 0. 0. 1. 1. 0. 1. 0. 1. 0. 1. 1. 0. 1. 0. 1. 0. 0. 1. 0. 0. 0. 1. 1.
  0. 1. 1. 0. 0. 0. 0. 0. 0. 0. 1. 0. 0. 1. 1. 0. 0. 1. 1. 0. 0. 1. 1. 1.
  1. 1. 0. 0. 0. 0. 0. 0. 1. 0. 1. 0. 1. 0. 1. 0. 1. 0. 0. 1. 1. 0. 1. 0.
  1. 0. 0. 0. 0.]
 [0. 0. 0. 0. 0. 0. 0. 0. 0. 0. 0. 0. 1. 0. 0. 0. 0. 0. 0. 0. 1. 0. 1. 0.
  0. 0. 0. 0. 1. 0. 0. 0. 0. 0. 0. 1. 0. 0. 0. 0. 0. 1. 1. 0. 1. 1. 0. 0.
  0. 0. 1. 0. 0. 0. 0. 0. 1. 0. 0. 0. 0. 0. 1. 0. 0. 0. 0. 1. 1. 1. 0. 1.
  0. 1. 0. 0. 1. 0. 0. 0. 1. 0. 1. 0. 1. 0. 0. 0. 1. 0. 0. 0. 0. 0. 1. 0.
  1. 0. 0. 0. 0.]
 [0. 0. 1. 0. 0. 0. 1. 1. 0. 0. 0. 1. 1. 0. 0. 0. 1. 0. 0. 0. 1. 0. 0. 0.
  1. 0. 1. 1. 0. 0. 0. 0. 0. 1. 1. 1. 0. 1. 1. 1. 0. 0. 1. 0. 1. 0. 1. 1.
  1. 0. 1. 1. 0. 0. 0. 0. 1. 0. 0. 0. 0. 0. 1. 0. 0. 1. 1. 1. 1. 0. 1. 1.
  0. 1. 0. 0. 0. 1. 0. 1. 1. 1. 1. 1. 1. 1. 1. 0. 1. 0. 1. 0. 1. 0. 1. 0.
  0. 0. 0. 0. 0.]
 [0. 0. 1. 0. 0. 0. 0. 1. 0. 1. 0. 1. 1. 1. 0. 0. 1. 0. 0. 0. 0. 0. 0. 0.
  0. 1. 0. 1. 0. 0. 0. 0. 0. 0. 1. 1. 0. 1. 0. 0. 1. 0. 0. 0. 0. 0. 0. 1.
  0. 0. 1. 0. 0. 0. 0. 0. 1. 0. 0. 0. 1. 1. 1. 0. 0. 0. 0. 0. 1. 0. 0. 0.
  1. 0. 0. 1. 0. 0. 0. 0. 1. 0. 0. 0. 1. 1. 1. 0. 1. 1. 0. 0. 0. 0. 0. 0.
  1. 0. 0. 0. 0.]
 [0. 0. 1. 0. 0. 0. 0. 1. 1. 0. 1. 1. 0. 0. 0. 0. 1. 0. 0. 0. 0. 0. 0. 1.
  0. 0. 0. 1. 0. 0. 0. 0. 0. 1. 0. 1. 0. 1. 0. 1. 0. 1. 0. 0. 0. 0. 1. 1.
  1. 0. 0. 0. 0. 0. 1. 0. 0. 0. 0. 1. 1. 0. 1. 0. 0. 0. 0. 1. 1. 0. 1. 1.
  0. 1. 0. 0. 0. 1. 0. 1. 0. 0. 0. 0. 1. 0. 1. 1. 1. 1. 1. 1. 1. 0. 1. 0.
  0. 0. 0. 0. 1.]
 [0. 0. 0. 1. 1. 0. 1. 1. 1. 1. 1. 0. 1. 1. 0. 0. 1. 0. 0. 0. 0. 0. 1. 0.
  1. 1. 1. 1. 1. 0. 0. 0. 1. 1. 0. 1. 0. 1. 0. 1. 0. 0. 0. 0. 0. 1. 1. 1.
  0. 0. 0. 0. 0. 0. 1. 0. 0. 0. 0. 0. 0. 0. 1. 0. 0. 0. 1. 1. 1. 0. 1. 1.
  1. 0. 1. 1. 0. 1. 1. 1. 1. 0. 1. 0. 1. 0. 1. 0. 1. 0. 0. 1. 1. 0. 1. 0.
  1. 1. 0. 0. 1.]
 [0. 0. 0. 0. 0. 0. 1. 0. 1. 0. 1. 0. 0. 1. 0. 1. 1. 0. 0. 0. 0. 1. 0. 0.
  1. 0. 1. 1. 1. 0. 0. 0. 0. 0. 0. 1. 0. 1. 1. 0. 0. 0. 1. 0. 0. 0. 0. 1.
  0. 0. 0. 0. 1. 0. 0. 0. 1. 0. 0. 1. 1. 0. 1. 0. 0. 0. 0. 1. 1. 0. 0. 0.
  0. 0. 0. 1. 0. 0. 0. 1. 1. 0. 1. 1. 0. 1. 1. 0. 1. 0. 0. 1. 1. 0. 0. 0.
  0. 0. 0. 0. 1.]
 [0. 0. 1. 0. 1. 0. 0. 0. 0. 0. 1. 1. 0. 1. 0. 0. 1. 0. 0. 0. 0. 0. 1. 0.
  1. 0. 0. 0. 0. 0. 1. 0. 0. 0. 0. 1. 0. 1. 1. 1. 1. 1. 1. 0. 0. 1. 1. 1.
  0. 0. 1. 1. 1. 0. 0. 0. 1. 0. 0. 0. 1. 0. 0. 0. 0. 0. 0. 1. 0. 0. 1. 1.
  1. 1. 0. 1. 0. 1. 0. 1. 1. 0. 1. 0. 1. 0. 1. 1. 1. 1. 1. 0. 1. 0. 1. 0.
  0. 0. 1. 0. 0.]
 [0. 0. 0. 0. 0. 0. 1. 1. 1. 0. 1. 1. 0. 1. 0. 0. 0. 1. 1. 1. 0. 1. 1. 0.
  1. 0. 1. 0. 0. 0. 0. 0. 1. 0. 1. 1. 0. 1. 1. 1. 0. 1. 1. 0. 0. 0. 0. 1.
  0. 1. 1. 1. 0. 0. 1. 0. 0. 0. 0. 0. 0. 0. 1. 0. 0. 1. 1. 1. 1. 0. 1. 1.
  0. 1. 0. 0. 0. 1. 0. 0. 1. 0. 1. 0. 1. 0. 1. 0. 0. 1. 1. 1. 1. 1. 1. 0.
  1. 0. 0. 0. 0.]
 [0. 0. 1. 1. 0. 0. 0. 1. 1. 1. 1. 1. 1. 1. 0. 0. 1. 0. 0. 1. 1. 0. 1. 1.
  1. 1. 0. 1. 1. 0. 0. 0. 1. 1. 1. 1. 0. 1. 1. 1. 0. 0. 1. 0. 0. 1. 1. 1.
  1. 0. 1. 0. 1. 0. 0. 0. 0. 0. 0. 0. 1. 1. 1. 0. 0. 0. 0. 0. 1. 0. 0. 0.
  1. 1. 0. 0. 0. 0. 0. 1. 1. 0. 0. 0. 1. 1. 1. 0. 0. 1. 0. 0. 1. 0. 0. 1.
  0. 1. 0. 0. 0.]
 [0. 0. 0. 1. 1. 1. 1. 1. 0. 0. 1. 1. 0. 0. 0. 0. 0. 0. 1. 0. 0. 0. 0. 0.
  1. 0. 0. 1. 1. 0. 0. 0. 1. 0. 1. 0. 0. 1. 1. 0. 0. 0. 0. 0. 1. 1. 1. 1.
  0. 0. 0. 0. 0. 0. 0. 0. 1. 0. 0. 0. 1. 1. 1. 0. 0. 1. 0. 0. 1. 0. 0. 1.
  1. 0. 1. 0. 0. 1. 0. 1. 0. 0. 1. 0. 1. 1. 1. 0. 0. 1. 0. 0. 0. 0. 1. 0.
  1. 0. 0. 0. 1.]
 [0. 0. 1. 0. 1. 0. 0. 1. 0. 0. 1. 0. 0. 1. 0. 0. 1. 0. 0. 0. 0. 0. 1. 0.
  1. 1. 0. 1. 1. 0. 0. 0. 1. 0. 1. 1. 0. 1. 1. 0. 0. 0. 1. 0. 0. 0. 0. 0.
  0. 0. 0. 1. 0. 0. 0. 0. 0. 0. 1. 0. 0. 0. 1. 0. 0. 0. 1. 1. 1. 0. 0. 1.
  1. 0. 0. 0. 0. 1. 0. 1. 1. 0. 1. 0. 1. 0. 1. 0. 0. 0. 0. 0. 0. 0. 1. 0.
  0. 0. 1. 0. 0.]
 [0. 0. 1. 0. 0. 1. 1. 1. 1. 0. 1. 1. 1. 0. 0. 0. 1. 0. 1. 0. 1. 0. 0. 1.
  0. 0. 0. 1. 1. 0. 0. 0. 0. 1. 1. 1. 0. 1. 0. 1. 0. 0. 1. 0. 1. 0. 0. 1.
  0. 0. 1. 0. 0. 0. 0. 0. 0. 0. 0. 0. 1. 0. 1. 0. 0. 1. 1. 0. 1. 0. 0. 1.
  1. 0. 0. 0. 0. 1. 0. 0. 1. 0. 0. 0. 1. 1. 1. 1. 1. 1. 0. 0. 1. 1. 0. 0.
  0. 0. 0. 0. 0.]
 [0. 0. 0. 0. 1. 1. 0. 1. 1. 0. 0. 1. 1. 1. 0. 0. 1. 0. 1. 0. 0. 0. 0. 0.
  1. 0. 0. 1. 1. 0. 1. 0. 0. 0. 1. 1. 0. 1. 1. 1. 1. 1. 1. 0. 0. 0. 1. 1.
  1. 0. 1. 1. 1. 0. 1. 0. 0. 0. 1. 0. 1. 1. 1. 0. 0. 0. 0. 1. 0. 0. 0. 1.
  1. 0. 0. 1. 0. 0. 0. 1. 1. 1. 1. 1. 1. 1. 1. 0. 0. 0. 0. 0. 1. 0. 1. 1.
  1. 1. 0. 0. 1.]
 [0. 0. 1. 0. 0. 0. 0. 1. 0. 0. 0. 0. 0. 0. 0. 0. 1. 0. 0. 0. 0. 0. 1. 0.
  1. 1. 0. 1. 0. 0. 0. 0. 0. 0. 1. 1. 0. 1. 1. 0. 0. 0. 1. 0. 0. 0. 1. 1.
  0. 0. 0. 1. 0. 0. 0. 0. 0. 0. 0. 0. 1. 1. 1. 0. 0. 0. 0. 0. 1. 1. 1. 1.
  1. 1. 1. 0. 1. 0. 0. 1. 0. 0. 0. 0. 0. 0. 1. 0. 0. 1. 0. 0. 1. 0. 1. 0.
  1. 0. 0. 0. 0.]
 [0. 0. 1. 1. 0. 0. 1. 1. 1. 1. 0. 1. 1. 1. 0. 1. 1. 0. 1. 0. 1. 0. 0. 1.
  0. 1. 1. 1. 0. 0. 0. 0. 1. 0. 0. 1. 0. 1. 1. 1. 0. 0. 0. 0. 0. 0. 1. 0.
  0. 0. 0. 1. 0. 1. 0. 0. 0. 0. 0. 0. 0. 1. 1. 0. 0. 1. 0. 1. 1. 0. 1. 0.
  1. 0. 0. 0. 0. 1. 0. 0. 0. 0. 1. 0. 1. 0. 0. 0. 0. 1. 0. 0. 0. 0. 1. 0.
  1. 0. 0. 0. 1.]
 [0. 0. 1. 1. 0. 0. 1. 1. 1. 0. 0. 1. 0. 0. 0. 0. 1. 0. 1. 0. 1. 0. 1. 0.
  0. 1. 0. 1. 1. 0. 1. 0. 0. 1. 0. 1. 0. 1. 1. 1. 0. 1. 1. 0. 0. 1. 1. 1.
  0. 0. 0. 1. 0. 0. 0. 0. 0. 0. 0. 1. 1. 1. 1. 0. 0. 1. 1. 0. 1. 0. 1. 1.
  1. 0. 0. 0. 0. 0. 0. 0. 1. 0. 0. 0. 1. 1. 1. 1. 0. 0. 0. 0. 0. 0. 1. 0.
  0. 0. 0. 0. 0.]
 [0. 0. 1. 1. 0. 1. 1. 1. 1. 1. 1. 1. 0. 0. 1. 0. 1. 1. 1. 1. 0. 0. 1. 0.
  1. 0. 0. 1. 0. 0. 0. 0. 1. 0. 1. 1. 0. 1. 1. 0. 1. 1. 1. 0. 1. 1. 0. 1.
  1. 0. 1. 1. 0. 0. 0. 0. 0. 0. 0. 1. 1. 0. 1. 0. 1. 0. 1. 1. 0. 0. 1. 1.
  1. 1. 0. 0. 0. 0. 0. 0. 0. 0. 1. 0. 1. 1. 1. 0. 1. 1. 0. 1. 1. 1. 0. 0.
  1. 0. 0. 0. 0.]
 [0. 0. 1. 0. 1. 0. 0. 1. 0. 1. 1. 0. 1. 1. 0. 0. 0. 0. 0. 0. 1. 1. 0. 0.
  0. 0. 0. 1. 1. 0. 1. 0. 1. 1. 0. 1. 0. 1. 0. 1. 0. 0. 1. 0. 0. 0. 1. 0.
  1. 1. 1. 0. 0. 0. 0. 0. 0. 0. 1. 1. 1. 0. 1. 0. 0. 0. 0. 1. 0. 1. 1. 1.
  1. 0. 0. 0. 0. 0. 0. 1. 1. 0. 0. 0. 0. 0. 1. 0. 1. 1. 0. 0. 1. 0. 1. 0.
  0. 0. 0. 0. 0.]
 [0. 0. 0. 0. 1. 1. 1. 1. 1. 1. 1. 1. 0. 1. 1. 1. 0. 1. 1. 0. 1. 0. 1. 1.
  0. 1. 1. 1. 1. 0. 0. 0. 1. 1. 1. 1. 0. 1. 1. 0. 1. 0. 1. 0. 0. 0. 0. 1.
  1. 1. 1. 0. 0. 0. 0. 0. 0. 0. 0. 1. 1. 0. 1. 0. 0. 1. 1. 1. 1. 0. 1. 0.
  1. 1. 0. 0. 0. 1. 0. 0. 1. 0. 1. 1. 1. 1. 1. 0. 0. 0. 0. 0. 1. 0. 1. 0.
  1. 0. 0. 0. 0.]
 [0. 0. 1. 0. 0. 0. 1. 1. 0. 1. 0. 0. 1. 1. 0. 0. 1. 0. 0. 0. 1. 0. 1. 0.
  0. 1. 1. 1. 1. 0. 0. 0. 0. 1. 1. 1. 0. 0. 0. 1. 1. 1. 1. 0. 1. 1. 0. 1.
  0. 0. 0. 0. 0. 0. 0. 0. 0. 0. 0. 1. 0. 0. 1. 0. 0. 0. 0. 0. 1. 0. 1. 1.
  0. 0. 0. 0. 0. 1. 1. 0. 1. 0. 1. 0. 1. 0. 0. 0. 1. 0. 0. 0. 0. 1. 0. 0.
  1. 0. 0. 0. 0.]
 [0. 0. 1. 1. 1. 1. 0. 1. 1. 0. 1. 0. 1. 0. 0. 0. 1. 0. 1. 0. 0. 1. 1. 0.
  0. 0. 1. 1. 1. 0. 0. 0. 1. 0. 1. 1. 0. 1. 1. 1. 1. 1. 1. 0. 0. 1. 1. 1.
  1. 0. 1. 0. 1. 0. 0. 0. 1. 0. 0. 0. 0. 1. 1. 0. 0. 0. 1. 0. 1. 0. 1. 1.
  0. 1. 0. 0. 0. 1. 0. 0. 1. 0. 1. 0. 0. 1. 1. 1. 1. 0. 0. 0. 1. 0. 0. 0.
  1. 0. 0. 0. 1.]
 [0. 0. 1. 0. 1. 0. 1. 1. 0. 0. 1. 0. 1. 0. 0. 0. 1. 0. 0. 0. 1. 1. 0. 0.
  1. 1. 0. 1. 1. 0. 1. 0. 0. 1. 1. 1. 0. 1. 0. 1. 1. 0. 1. 0. 0. 0. 1. 1.
  0. 0. 1. 1. 0. 0. 1. 0. 0. 0. 1. 1. 0. 0. 1. 0. 0. 0. 1. 1. 1. 1. 1. 0.
  1. 1. 0. 0. 0. 1. 0. 1. 0. 0. 1. 0. 0. 1. 1. 0. 1. 0. 0. 0. 0. 1. 0. 0.
  1. 0. 0. 0. 0.]
 [0. 0. 0. 0. 1. 0. 0. 0. 1. 0. 1. 1. 0. 1. 1. 0. 1. 0. 0. 0. 1. 0. 1. 0.
  0. 0. 0. 1. 1. 0. 0. 0. 0. 0. 0. 1. 0. 1. 0. 1. 0. 0. 0. 0. 0. 1. 1. 0.
  1. 0. 1. 1. 0. 0. 0. 0. 0. 0. 0. 0. 1. 0. 1. 0. 1. 1. 1. 0. 1. 0. 1. 1.
  0. 1. 1. 0. 0. 0. 0. 0. 0. 0. 0. 0. 1. 1. 1. 0. 1. 1. 0. 0. 0. 0. 0. 0.
  0. 0. 0. 0. 0.]
 [0. 0. 1. 0. 0. 0. 0. 1. 1. 0. 0. 0. 1. 1. 0. 1. 1. 0. 0. 1. 1. 0. 0. 1.
  0. 0. 0. 1. 1. 0. 1. 0. 1. 1. 0. 1. 0. 1. 0. 0. 0. 0. 1. 0. 0. 1. 1. 1.
  0. 1. 0. 0. 0. 0. 0. 0. 1. 0. 0. 1. 0. 1. 1. 0. 0. 0. 1. 0. 1. 1. 1. 0.
  0. 1. 0. 0. 0. 1. 0. 0. 1. 0. 1. 0. 1. 0. 1. 0. 0. 0. 0. 0. 1. 0. 1. 0.
  0. 0. 0. 0. 0.]
 [0. 0. 1. 0. 0. 1. 1. 1. 0. 1. 0. 0. 0. 1. 1. 0. 1. 0. 0. 0. 0. 0. 0. 0.
  1. 0. 0. 1. 1. 0. 0. 0. 0. 0. 0. 1. 0. 1. 1. 0. 0. 0. 0. 0. 0. 0. 0. 0.
  1. 1. 1. 1. 0. 0. 0. 0. 0. 0. 0. 1. 1. 1. 1. 0. 0. 0. 0. 1. 1. 1. 1. 0.
  1. 1. 0. 0. 1. 1. 0. 1. 1. 0. 0. 0. 1. 1. 1. 0. 1. 0. 0. 1. 1. 0. 1. 0.
  0. 0. 0. 0. 0.]
 [0. 0. 1. 1. 0. 1. 1. 1. 0. 0. 1. 0. 1. 1. 1. 0. 1. 0. 0. 0. 1. 0. 0. 1.
  0. 0. 0. 0. 1. 0. 0. 0. 0. 0. 1. 1. 0. 1. 1. 1. 0. 0. 1. 0. 0. 0. 0. 1.
  0. 0. 0. 0. 1. 0. 1. 0. 1. 0. 0. 1. 1. 1. 0. 0. 0. 0. 1. 1. 1. 0. 0. 1.
  1. 0. 0. 1. 0. 1. 0. 1. 1. 0. 1. 0. 1. 1. 1. 0. 1. 0. 0. 0. 0. 0. 1. 0.
  1. 0. 0. 0. 0.]
 [0. 0. 1. 0. 0. 1. 1. 1. 1. 0. 1. 0. 0. 0. 0. 0. 1. 0. 0. 0. 0. 0. 1. 1.
  1. 1. 0. 1. 0. 0. 0. 0. 0. 1. 0. 1. 0. 1. 1. 1. 0. 1. 1. 0. 0. 0. 1. 0.
  0. 0. 0. 1. 0. 1. 0. 0. 0. 0. 0. 0. 1. 0. 0. 0. 0. 1. 1. 0. 1. 0. 1. 1.
  1. 0. 0. 0. 0. 1. 0. 1. 0. 0. 1. 0. 0. 0. 0. 0. 1. 0. 0. 0. 0. 1. 0. 0.
  1. 1. 0. 0. 0.]
 [0. 0. 0. 0. 0. 0. 1. 1. 0. 0. 1. 1. 0. 1. 0. 0. 1. 1. 0. 0. 1. 0. 0. 0.
  1. 0. 0. 1. 0. 0. 0. 0. 0. 0. 1. 1. 0. 1. 1. 1. 0. 0. 0. 0. 1. 0. 0. 0.
  1. 0. 1. 1. 1. 0. 0. 0. 0. 0. 0. 0. 0. 0. 1. 0. 0. 0. 0. 1. 0. 0. 1. 1.
  0. 0. 0. 0. 0. 1. 0. 0. 0. 0. 1. 0. 1. 0. 1. 0. 1. 1. 0. 0. 1. 1. 0. 0.
  0. 0. 0. 0. 1.]
 [0. 0. 0. 0. 0. 1. 0. 1. 0. 1. 0. 1. 0. 1. 0. 0. 1. 0. 0. 0. 1. 0. 1. 0.
  1. 1. 0. 1. 1. 0. 0. 0. 0. 1. 0. 1. 0. 1. 1. 0. 1. 1. 0. 0. 1. 0. 1. 0.
  1. 1. 0. 1. 0. 0. 0. 0. 0. 0. 0. 0. 0. 1. 1. 0. 0. 1. 0. 1. 1. 0. 0. 0.
  1. 0. 0. 1. 0. 1. 0. 0. 1. 0. 0. 0. 0. 0. 1. 0. 0. 0. 0. 0. 1. 0. 0. 0.
  1. 0. 1. 0. 1.]
 [0. 0. 1. 0. 0. 1. 0. 1. 1. 0. 1. 0. 0. 0. 0. 0. 0. 0. 0. 0. 0. 0. 0. 1.
  0. 1. 0. 0. 1. 0. 0. 0. 1. 0. 0. 0. 0. 1. 1. 0. 0. 1. 1. 1. 0. 0. 1. 1.
  0. 0. 1. 0. 0. 1. 0. 0. 1. 0. 0. 0. 1. 1. 1. 0. 0. 1. 1. 1. 1. 0. 0. 1.
  1. 0. 0. 1. 1. 0. 0. 0. 0. 0. 0. 0. 1. 1. 1. 1. 0. 0. 0. 0. 1. 0. 0. 0.
  0. 0. 0. 0. 0.]
 [0. 0. 0. 0. 0. 0. 1. 0. 1. 0. 0. 0. 0. 1. 0. 0. 1. 0. 0. 0. 1. 0. 1. 0.
  0. 0. 0. 1. 0. 0. 0. 0. 1. 1. 1. 1. 0. 1. 1. 1. 0. 1. 0. 0. 0. 0. 1. 1.
  0. 0. 0. 1. 0. 0. 1. 0. 0. 0. 0. 0. 1. 0. 1. 0. 0. 1. 1. 0. 1. 1. 1. 0.
  1. 0. 0. 0. 0. 0. 0. 1. 1. 0. 1. 1. 0. 1. 1. 0. 0. 0. 0. 0. 1. 0. 1. 0.
  0. 0. 0. 0. 1.]
 [0. 0. 1. 1. 1. 0. 1. 0. 0. 0. 0. 0. 0. 1. 0. 0. 1. 1. 1. 0. 0. 1. 0. 1.
  1. 1. 0. 1. 1. 0. 0. 1. 0. 0. 1. 1. 0. 1. 1. 1. 0. 0. 1. 0. 1. 1. 0. 1.
  1. 1. 1. 1. 0. 0. 0. 0. 0. 0. 0. 1. 1. 1. 1. 0. 0. 0. 1. 0. 1. 0. 0. 1.
  1. 0. 0. 0. 1. 0. 0. 1. 1. 0. 0. 0. 0. 1. 1. 0. 0. 0. 1. 0. 0. 0. 1. 0.
  1. 0. 0. 0. 0.]
 [0. 0. 1. 0. 0. 0. 1. 1. 1. 0. 0. 0. 0. 0. 0. 0. 1. 0. 0. 0. 0. 0. 1. 0.
  0. 0. 0. 0. 0. 0. 0. 0. 0. 1. 0. 1. 0. 1. 0. 1. 0. 0. 0. 0. 1. 0. 1. 0.
  0. 1. 0. 0. 0. 0. 0. 0. 1. 0. 0. 0. 1. 0. 1. 0. 0. 0. 1. 0. 1. 0. 1. 0.
  0. 0. 0. 0. 0. 0. 0. 1. 0. 0. 1. 0. 1. 0. 1. 0. 0. 0. 0. 0. 1. 0. 1. 1.
  1. 0. 1. 0. 0.]
 [0. 0. 1. 0. 0. 0. 0. 1. 1. 0. 1. 0. 0. 1. 0. 0. 0. 0. 0. 1. 0. 0. 1. 0.
  0. 1. 0. 1. 1. 0. 0. 0. 0. 0. 1. 1. 0. 1. 0. 1. 1. 1. 1. 0. 0. 0. 0. 1.
  0. 0. 0. 0. 0. 0. 1. 0. 0. 0. 0. 0. 0. 1. 1. 0. 0. 0. 1. 0. 1. 1. 1. 0.
  1. 1. 0. 0. 0. 0. 0. 0. 1. 0. 1. 0. 1. 0. 1. 0. 1. 1. 0. 0. 0. 0. 0. 0.
  1. 1. 0. 0. 0.]
 [0. 0. 1. 0. 1. 1. 1. 1. 1. 0. 1. 0. 0. 1. 1. 0. 1. 1. 0. 0. 0. 0. 1. 0.
  0. 0. 0. 1. 1. 0. 0. 0. 0. 1. 1. 1. 0. 1. 1. 1. 0. 1. 1. 0. 0. 1. 1. 0.
  1. 0. 1. 1. 1. 0. 1. 0. 0. 0. 1. 0. 0. 0. 1. 0. 0. 0. 0. 0. 0. 0. 1. 1.
  1. 0. 0. 0. 0. 1. 0. 0. 0. 0. 1. 0. 1. 1. 1. 1. 0. 0. 0. 0. 1. 0. 0. 0.
  1. 0. 0. 0. 0.]
 [0. 0. 1. 0. 0. 1. 1. 1. 1. 1. 0. 0. 1. 1. 0. 0. 0. 0. 0. 0. 1. 0. 0. 1.
  0. 1. 1. 1. 0. 0. 0. 0. 1. 1. 0. 1. 0. 1. 1. 1. 0. 1. 1. 0. 1. 0. 1. 1.
  0. 1. 1. 1. 0. 0. 1. 0. 0. 0. 0. 0. 0. 1. 0. 0. 0. 0. 0. 0. 1. 0. 1. 0.
  0. 0. 1. 0. 0. 1. 0. 1. 0. 0. 1. 0. 1. 0. 1. 0. 0. 0. 0. 0. 0. 1. 0. 0.
  0. 0. 0. 0. 0.]
 [0. 0. 0. 1. 0. 0. 1. 1. 1. 0. 1. 1. 0. 1. 0. 0. 0. 0. 0. 0. 1. 0. 0. 0.
  0. 1. 0. 1. 0. 0. 0. 0. 1. 0. 1. 1. 0. 1. 0. 1. 0. 0. 0. 1. 0. 0. 1. 0.
  0. 0. 1. 1. 0. 0. 0. 0. 0. 0. 0. 1. 0. 0. 1. 0. 0. 1. 1. 0. 1. 0. 1. 1.
  0. 1. 0. 1. 0. 1. 0. 1. 1. 0. 1. 0. 0. 1. 1. 1. 1. 0. 0. 1. 1. 0. 0. 0.
  1. 0. 1. 0. 0.]
 [0. 0. 1. 0. 0. 1. 0. 1. 1. 0. 1. 0. 0. 1. 0. 0. 1. 0. 0. 0. 1. 0. 1. 1.
  1. 0. 0. 1. 1. 0. 0. 1. 1. 1. 1. 1. 0. 1. 0. 0. 0. 0. 0. 0. 0. 0. 1. 1.
  0. 0. 1. 1. 1. 0. 0. 0. 1. 0. 0. 0. 1. 1. 0. 0. 0. 0. 1. 0. 1. 0. 1. 0.
  0. 0. 0. 0. 0. 1. 0. 1. 0. 0. 1. 0. 1. 1. 1. 1. 0. 1. 0. 0. 1. 0. 0. 1.
  0. 1. 0. 0. 1.]
 [0. 0. 1. 0. 0. 0. 1. 0. 0. 0. 1. 1. 0. 0. 1. 0. 1. 0. 0. 0. 1. 0. 0. 0.
  0. 0. 0. 1. 0. 0. 1. 0. 0. 1. 1. 1. 0. 1. 1. 1. 1. 1. 1. 0. 1. 0. 1. 0.
  0. 0. 1. 1. 0. 0. 0. 0. 0. 0. 0. 0. 1. 0. 1. 0. 0. 1. 0. 1. 1. 1. 0. 0.
  1. 1. 0. 1. 0. 1. 0. 0. 0. 0. 1. 0. 1. 0. 1. 0. 0. 0. 0. 1. 1. 1. 0. 1.
  0. 0. 0. 0. 0.]
 [0. 0. 1. 0. 1. 1. 0. 1. 0. 0. 1. 0. 0. 1. 0. 0. 1. 1. 1. 0. 0. 0. 1. 1.
  1. 1. 0. 1. 0. 0. 0. 0. 0. 1. 0. 1. 0. 1. 1. 0. 0. 0. 0. 0. 0. 1. 1. 1.
  1. 1. 1. 0. 0. 0. 0. 0. 0. 0. 0. 0. 1. 1. 1. 0. 0. 0. 1. 1. 1. 1. 1. 0.
  0. 0. 0. 1. 0. 0. 0. 1. 1. 0. 1. 0. 1. 1. 1. 0. 1. 1. 1. 0. 0. 0. 0. 0.
  0. 0. 1. 0. 1.]
 [0. 0. 1. 0. 0. 1. 0. 1. 1. 1. 1. 0. 0. 1. 0. 0. 1. 1. 1. 0. 1. 0. 1. 0.
  1. 0. 0. 1. 1. 0. 1. 0. 1. 0. 1. 1. 0. 1. 1. 1. 1. 1. 0. 0. 0. 1. 0. 1.
  1. 0. 1. 0. 0. 0. 0. 0. 1. 0. 0. 0. 1. 1. 1. 0. 0. 1. 1. 0. 1. 0. 1. 0.
  1. 0. 0. 0. 0. 0. 0. 1. 1. 0. 1. 0. 0. 0. 1. 0. 0. 0. 0. 0. 1. 0. 0. 0.
  0. 0. 0. 0. 1.]
 [0. 0. 1. 0. 1. 0. 0. 1. 1. 0. 1. 1. 0. 1. 0. 0. 1. 1. 0. 0. 0. 1. 0. 0.
  0. 1. 0. 1. 1. 0. 1. 1. 1. 0. 1. 1. 0. 1. 1. 1. 0. 0. 1. 1. 0. 0. 1. 1.
  0. 1. 0. 0. 1. 0. 0. 0. 0. 0. 0. 0. 1. 0. 1. 0. 0. 1. 1. 0. 1. 1. 0. 1.
  1. 1. 0. 0. 0. 1. 0. 1. 0. 0. 1. 0. 0. 1. 1. 0. 1. 1. 0. 0. 1. 0. 0. 1.
  0. 1. 1. 0. 1.]
 [0. 0. 0. 1. 0. 0. 0. 0. 1. 0. 0. 0. 1. 0. 0. 0. 0. 1. 1. 1. 0. 0. 0. 1.
  1. 0. 0. 1. 1. 0. 1. 0. 0. 0. 1. 0. 0. 1. 1. 0. 0. 0. 0. 0. 0. 0. 1. 0.
  0. 0. 1. 0. 0. 0. 0. 0. 0. 0. 0. 0. 1. 1. 1. 0. 0. 1. 1. 0. 1. 1. 0. 1.
  1. 1. 1. 0. 0. 1. 0. 1. 1. 0. 1. 0. 1. 1. 1. 1. 1. 0. 0. 1. 1. 0. 0. 0.
  0. 0. 0. 0. 1.]
 [0. 0. 1. 1. 1. 0. 0. 0. 1. 0. 1. 1. 0. 1. 1. 0. 1. 0. 0. 0. 0. 0. 1. 0.
  0. 0. 0. 1. 1. 0. 0. 0. 1. 0. 1. 1. 0. 1. 0. 1. 1. 0. 0. 0. 1. 0. 0. 1.
  0. 0. 1. 0. 0. 0. 0. 0. 0. 0. 0. 0. 1. 0. 1. 0. 0. 0. 1. 1. 0. 0. 0. 0.
  0. 1. 0. 0. 0. 1. 1. 0. 0. 0. 1. 0. 1. 0. 1. 0. 1. 0. 0. 0. 0. 0. 0. 0.
  1. 0. 0. 0. 1.]
 [0. 0. 0. 0. 0. 0. 0. 1. 0. 1. 0. 0. 0. 0. 0. 0. 0. 1. 0. 0. 1. 0. 1. 1.
  0. 0. 0. 1. 0. 0. 0. 0. 0. 0. 0. 1. 0. 1. 0. 1. 1. 1. 0. 0. 0. 0. 1. 1.
  0. 0. 0. 1. 1. 0. 1. 0. 0. 0. 0. 0. 1. 0. 1. 0. 0. 0. 1. 1. 1. 0. 0. 0.
  1. 1. 0. 0. 0. 1. 0. 1. 1. 0. 1. 0. 0. 1. 1. 0. 0. 0. 0. 0. 1. 0. 1. 0.
  1. 0. 0. 0. 1.]
 [0. 0. 1. 1. 0. 1. 0. 1. 1. 1. 1. 0. 0. 0. 0. 0. 1. 0. 0. 0. 1. 0. 1. 0.
  0. 1. 0. 0. 1. 0. 0. 0. 0. 1. 0. 1. 0. 1. 1. 1. 0. 0. 1. 1. 0. 0. 1. 1.
  1. 0. 0. 1. 1. 0. 0. 0. 0. 0. 0. 1. 1. 1. 1. 0. 0. 0. 1. 1. 1. 0. 1. 0.
  0. 0. 0. 0. 0. 0. 0. 1. 0. 0. 0. 0. 0. 1. 1. 0. 0. 1. 1. 0. 1. 0. 1. 0.
  0. 0. 0. 0. 0.]
 [0. 0. 1. 0. 0. 0. 1. 1. 0. 0. 1. 0. 1. 1. 0. 0. 1. 1. 1. 0. 0. 1. 0. 0.
  1. 1. 0. 1. 1. 0. 0. 0. 0. 1. 1. 1. 0. 1. 0. 0. 0. 0. 1. 0. 0. 1. 1. 1.
  0. 1. 1. 0. 0. 0. 1. 0. 1. 0. 0. 0. 1. 1. 1. 0. 0. 0. 1. 0. 1. 0. 1. 1.
  1. 0. 0. 0. 0. 1. 0. 0. 0. 0. 0. 0. 1. 1. 1. 0. 0. 0. 1. 1. 1. 0. 1. 0.
  1. 0. 0. 0. 0.]
 [0. 0. 1. 0. 0. 0. 1. 1. 1. 1. 1. 1. 1. 1. 1. 0. 1. 0. 0. 0. 1. 1. 0. 0.
  0. 0. 0. 0. 0. 0. 0. 0. 0. 1. 1. 1. 0. 1. 1. 1. 0. 1. 1. 0. 0. 0. 1. 1.
  0. 0. 1. 1. 0. 0. 1. 0. 0. 0. 0. 0. 0. 1. 1. 0. 0. 1. 1. 0. 1. 0. 1. 1.
  1. 0. 0. 0. 0. 1. 0. 1. 0. 0. 1. 0. 1. 1. 1. 0. 1. 0. 0. 0. 1. 0. 1. 0.
  1. 0. 0. 0. 0.]
 [0. 0. 1. 1. 1. 0. 1. 1. 1. 0. 1. 0. 0. 0. 1. 0. 1. 0. 0. 0. 0. 0. 1. 0.
  0. 0. 0. 1. 0. 0. 1. 0. 0. 0. 1. 1. 0. 1. 1. 0. 0. 0. 1. 0. 1. 0. 1. 1.
  0. 0. 0. 0. 0. 0. 0. 0. 1. 0. 0. 1. 1. 0. 1. 0. 0. 0. 1. 0. 1. 0. 1. 0.
  1. 1. 0. 0. 1. 1. 0. 1. 0. 0. 0. 0. 1. 0. 1. 0. 1. 0. 1. 0. 1. 0. 0. 0.
  0. 0. 0. 0. 0.]
 [0. 0. 0. 0. 0. 0. 0. 1. 0. 0. 1. 0. 1. 0. 0. 0. 1. 0. 0. 0. 0. 0. 0. 0.
  0. 1. 0. 0. 0. 0. 0. 0. 0. 0. 0. 1. 0. 1. 1. 0. 0. 1. 0. 1. 0. 0. 0. 1.
  1. 0. 1. 1. 0. 0. 0. 0. 0. 0. 0. 0. 1. 0. 1. 0. 0. 0. 1. 1. 1. 0. 0. 1.
  0. 1. 0. 1. 0. 1. 0. 0. 0. 0. 1. 0. 1. 0. 1. 0. 1. 0. 0. 1. 0. 0. 1. 1.
  0. 0. 0. 0. 0.]
 [0. 0. 1. 0. 1. 0. 0. 1. 1. 0. 1. 0. 0. 1. 0. 0. 1. 1. 1. 0. 0. 0. 0. 0.
  0. 1. 1. 1. 0. 0. 0. 0. 0. 0. 0. 1. 0. 1. 1. 0. 0. 1. 1. 0. 0. 1. 1. 0.
  1. 1. 1. 1. 0. 0. 0. 0. 0. 0. 0. 1. 1. 1. 1. 0. 0. 1. 0. 1. 0. 0. 1. 1.
  0. 1. 1. 0. 1. 0. 0. 1. 1. 0. 1. 0. 1. 1. 0. 0. 0. 0. 0. 0. 1. 0. 0. 0.
  0. 0. 0. 0. 1.]
 [0. 0. 0. 0. 0. 0. 1. 1. 0. 0. 0. 1. 0. 1. 0. 0. 1. 0. 1. 0. 1. 0. 1. 0.
  0. 0. 0. 0. 0. 0. 0. 0. 1. 0. 1. 1. 0. 1. 0. 1. 0. 0. 1. 0. 0. 0. 1. 1.
  1. 0. 0. 0. 0. 1. 0. 0. 1. 0. 0. 0. 0. 1. 1. 0. 0. 1. 0. 0. 1. 1. 0. 0.
  1. 0. 0. 0. 0. 0. 0. 1. 1. 0. 1. 0. 1. 1. 1. 0. 0. 1. 0. 0. 0. 1. 0. 0.
  0. 0. 0. 0. 1.]
 [0. 0. 1. 0. 0. 0. 0. 1. 1. 0. 0. 1. 0. 0. 1. 0. 0. 0. 0. 0. 1. 0. 0. 1.
  1. 0. 1. 1. 1. 0. 1. 0. 0. 1. 0. 0. 0. 1. 0. 1. 1. 0. 1. 0. 0. 0. 1. 1.
  0. 0. 0. 0. 0. 0. 1. 0. 1. 0. 0. 0. 1. 0. 0. 0. 0. 0. 1. 0. 1. 0. 0. 0.
  0. 1. 0. 0. 0. 1. 0. 1. 1. 0. 0. 0. 0. 1. 1. 0. 1. 0. 0. 0. 1. 1. 0. 0.
  0. 0. 0. 0. 1.]
 [0. 0. 1. 0. 0. 1. 1. 1. 1. 0. 1. 1. 0. 0. 0. 1. 1. 0. 0. 1. 0. 0. 0. 1.
  0. 0. 0. 1. 1. 0. 0. 0. 0. 1. 0. 1. 0. 1. 1. 0. 1. 0. 1. 0. 1. 0. 0. 1.
  0. 0. 1. 1. 1. 0. 0. 0. 0. 0. 0. 0. 1. 1. 0. 0. 0. 1. 1. 1. 1. 1. 0. 1.
  1. 0. 0. 1. 0. 0. 1. 1. 1. 0. 0. 0. 1. 1. 1. 0. 1. 0. 0. 0. 1. 1. 0. 0.
  0. 0. 0. 0. 0.]
 [0. 0. 0. 0. 0. 0. 1. 1. 0. 1. 0. 0. 0. 0. 1. 1. 0. 1. 1. 0. 1. 1. 1. 0.
  1. 0. 0. 0. 1. 0. 0. 0. 1. 1. 1. 1. 0. 0. 0. 0. 0. 1. 0. 1. 1. 0. 0. 1.
  0. 1. 1. 0. 1. 0. 1. 0. 0. 0. 0. 1. 1. 0. 1. 0. 0. 1. 1. 0. 0. 0. 1. 1.
  0. 0. 0. 0. 0. 0. 0. 1. 0. 0. 0. 0. 0. 0. 1. 1. 1. 1. 1. 0. 1. 0. 0. 0.
  0. 0. 0. 0. 0.]
 [0. 0. 0. 1. 0. 0. 0. 1. 0. 0. 0. 0. 1. 0. 1. 0. 0. 1. 0. 0. 1. 0. 1. 0.
  0. 1. 1. 0. 1. 0. 0. 0. 1. 0. 0. 0. 0. 1. 0. 0. 0. 1. 0. 0. 0. 0. 0. 1.
  0. 1. 1. 0. 1. 0. 1. 0. 1. 0. 0. 1. 0. 1. 1. 0. 0. 1. 0. 0. 1. 1. 1. 0.
  0. 0. 0. 0. 0. 0. 0. 0. 0. 0. 1. 0. 1. 1. 0. 1. 1. 0. 0. 0. 0. 0. 1. 0.
  0. 1. 0. 0. 1.]
 [0. 0. 1. 0. 1. 0. 0. 0. 1. 1. 1. 0. 0. 0. 0. 0. 1. 0. 0. 1. 0. 0. 1. 0.
  0. 0. 0. 0. 1. 0. 0. 0. 0. 0. 1. 1. 0. 1. 0. 1. 0. 1. 0. 0. 0. 0. 0. 1.
  0. 0. 0. 1. 0. 1. 0. 0. 0. 0. 1. 0. 0. 0. 0. 0. 0. 1. 0. 1. 1. 0. 1. 1.
  1. 0. 0. 0. 0. 1. 0. 0. 0. 0. 0. 0. 1. 1. 0. 0. 1. 1. 0. 0. 1. 0. 1. 0.
  0. 0. 0. 0. 0.]
 [0. 0. 1. 0. 0. 0. 0. 1. 0. 0. 1. 0. 0. 1. 0. 0. 1. 0. 0. 1. 1. 0. 0. 0.
  1. 1. 0. 0. 1. 0. 0. 0. 0. 0. 0. 1. 0. 1. 1. 1. 0. 0. 1. 0. 1. 0. 1. 0.
  0. 1. 1. 1. 1. 0. 0. 0. 0. 0. 0. 1. 0. 0. 1. 0. 0. 0. 1. 0. 0. 0. 1. 0.
  0. 0. 0. 1. 0. 1. 0. 1. 0. 0. 0. 0. 1. 1. 1. 0. 0. 0. 0. 0. 0. 1. 1. 0.
  0. 0. 0. 0. 0.]
 [0. 0. 1. 0. 1. 1. 0. 1. 1. 1. 1. 0. 1. 0. 0. 0. 0. 0. 0. 0. 1. 0. 1. 0.
  0. 1. 0. 0. 0. 1. 1. 0. 0. 0. 1. 0. 0. 1. 1. 1. 0. 1. 1. 0. 0. 1. 1. 0.
  0. 1. 1. 1. 0. 0. 1. 0. 0. 0. 1. 1. 0. 1. 1. 0. 0. 1. 0. 1. 0. 0. 1. 1.
  1. 1. 0. 0. 0. 1. 0. 1. 1. 0. 0. 0. 0. 0. 1. 0. 0. 0. 0. 1. 0. 0. 0. 0.
  0. 0. 0. 0. 1.]
 [0. 0. 1. 0. 1. 1. 1. 1. 1. 1. 1. 0. 0. 1. 0. 0. 1. 0. 0. 0. 0. 0. 1. 0.
  1. 1. 0. 1. 0. 0. 1. 1. 1. 0. 1. 1. 0. 1. 1. 0. 0. 0. 1. 1. 1. 0. 1. 1.
  1. 1. 0. 1. 1. 0. 1. 0. 0. 0. 0. 0. 1. 0. 1. 0. 0. 1. 1. 1. 1. 0. 1. 0.
  1. 0. 0. 0. 0. 1. 0. 1. 0. 0. 0. 0. 1. 1. 1. 0. 0. 0. 0. 1. 1. 0. 1. 0.
  1. 0. 0. 0. 0.]
 [0. 0. 1. 0. 0. 0. 1. 0. 1. 0. 1. 0. 0. 0. 0. 0. 1. 0. 1. 0. 0. 0. 0. 0.
  1. 0. 0. 1. 0. 0. 1. 0. 0. 0. 1. 1. 0. 1. 1. 0. 1. 0. 1. 0. 0. 0. 0. 0.
  0. 0. 0. 1. 0. 0. 0. 0. 0. 0. 0. 0. 0. 0. 1. 0. 0. 0. 0. 1. 1. 1. 0. 0.
  1. 1. 0. 0. 0. 0. 0. 0. 0. 0. 1. 0. 1. 1. 1. 0. 0. 1. 0. 1. 0. 0. 0. 0.
  0. 0. 0. 0. 0.]
 [0. 0. 1. 0. 1. 0. 0. 1. 1. 0. 1. 0. 0. 0. 0. 0. 1. 1. 1. 0. 0. 1. 0. 1.
  0. 0. 0. 0. 0. 0. 1. 0. 0. 0. 1. 1. 0. 1. 0. 0. 1. 0. 0. 0. 0. 0. 1. 1.
  1. 0. 1. 1. 1. 0. 0. 0. 0. 0. 0. 1. 0. 0. 1. 0. 0. 1. 1. 0. 1. 1. 1. 1.
  0. 1. 1. 0. 0. 1. 0. 0. 0. 0. 1. 0. 1. 1. 1. 0. 0. 0. 0. 0. 0. 0. 0. 1.
  1. 0. 0. 0. 0.]
 [0. 0. 1. 0. 0. 0. 1. 1. 0. 0. 1. 1. 0. 1. 0. 1. 1. 1. 1. 0. 1. 0. 0. 1.
  0. 0. 0. 0. 1. 0. 0. 1. 0. 1. 0. 0. 0. 1. 0. 1. 0. 0. 0. 0. 0. 0. 1. 1.
  0. 0. 1. 1. 0. 0. 0. 0. 1. 0. 0. 0. 0. 1. 1. 0. 0. 1. 1. 0. 1. 0. 1. 1.
  0. 0. 0. 0. 1. 1. 0. 0. 0. 0. 1. 0. 1. 1. 0. 1. 0. 1. 0. 0. 0. 0. 0. 0.
  0. 0. 0. 0. 0.]
 [0. 0. 1. 0. 1. 0. 1. 0. 0. 1. 1. 1. 0. 0. 0. 0. 1. 0. 1. 0. 0. 0. 1. 0.
  1. 0. 0. 1. 1. 0. 1. 0. 1. 0. 1. 1. 0. 1. 1. 1. 0. 0. 1. 0. 1. 0. 1. 1.
  0. 1. 0. 1. 0. 0. 0. 0. 1. 0. 0. 0. 1. 1. 1. 0. 0. 0. 0. 0. 1. 0. 0. 0.
  0. 1. 0. 1. 1. 0. 0. 1. 1. 0. 1. 0. 1. 1. 1. 0. 1. 1. 0. 0. 0. 0. 0. 0.
  0. 1. 1. 0. 1.]
 [0. 0. 1. 0. 1. 1. 0. 0. 0. 0. 0. 0. 1. 1. 0. 0. 1. 0. 0. 1. 1. 0. 0. 0.
  0. 0. 0. 0. 0. 0. 0. 0. 0. 0. 1. 1. 0. 1. 1. 1. 0. 0. 1. 0. 0. 1. 1. 0.
  1. 1. 1. 0. 1. 0. 0. 0. 0. 0. 0. 0. 1. 1. 1. 0. 0. 1. 1. 0. 1. 0. 1. 0.
  0. 1. 0. 0. 0. 1. 0. 0. 1. 0. 0. 0. 1. 1. 1. 0. 1. 0. 1. 0. 0. 0. 1. 0.
  0. 0. 1. 0. 1.]
 [0. 0. 1. 1. 0. 0. 1. 0. 0. 0. 1. 0. 0. 0. 0. 0. 1. 1. 0. 0. 1. 0. 0. 0.
  0. 1. 0. 1. 1. 0. 0. 0. 0. 0. 1. 1. 0. 1. 1. 0. 0. 0. 0. 0. 1. 0. 0. 1.
  0. 0. 1. 0. 0. 0. 1. 0. 1. 0. 0. 1. 1. 0. 1. 0. 0. 0. 1. 0. 0. 1. 0. 0.
  0. 0. 0. 0. 0. 0. 0. 0. 1. 0. 0. 0. 0. 1. 0. 0. 0. 1. 0. 1. 0. 0. 0. 0.
  0. 0. 0. 0. 1.]
 [0. 0. 1. 0. 1. 0. 0. 0. 1. 1. 1. 1. 0. 1. 0. 0. 1. 0. 0. 0. 1. 1. 1. 0.
  0. 0. 0. 1. 0. 0. 0. 0. 1. 0. 0. 1. 0. 1. 1. 1. 0. 0. 1. 0. 0. 0. 0. 1.
  0. 0. 0. 0. 0. 0. 0. 0. 0. 0. 0. 0. 1. 0. 1. 0. 0. 0. 1. 0. 0. 0. 0. 0.
  1. 0. 0. 1. 0. 0. 0. 1. 0. 0. 0. 0. 0. 1. 1. 0. 1. 0. 1. 0. 0. 0. 0. 0.
  0. 0. 0. 0. 0.]
 [0. 0. 1. 1. 0. 1. 1. 1. 0. 0. 1. 0. 0. 1. 0. 0. 1. 1. 0. 0. 0. 0. 1. 0.
  0. 0. 0. 0. 1. 0. 1. 1. 0. 0. 1. 0. 0. 1. 0. 1. 1. 0. 1. 0. 0. 0. 1. 1.
  0. 1. 0. 1. 0. 0. 0. 0. 1. 0. 0. 0. 0. 1. 1. 0. 0. 0. 0. 1. 1. 0. 0. 1.
  1. 1. 0. 0. 0. 1. 0. 1. 0. 0. 0. 0. 0. 0. 1. 1. 0. 0. 0. 0. 0. 0. 0. 1.
  0. 0. 0. 0. 1.]
 [0. 0. 1. 0. 0. 0. 1. 1. 1. 0. 0. 0. 1. 1. 1. 0. 1. 0. 0. 0. 0. 0. 1. 1.
  0. 0. 0. 1. 1. 0. 0. 0. 1. 1. 1. 1. 1. 1. 1. 0. 0. 0. 1. 0. 1. 0. 1. 1.
  0. 1. 1. 0. 0. 0. 0. 0. 0. 0. 1. 0. 0. 1. 1. 0. 0. 0. 1. 1. 1. 1. 0. 1.
  0. 1. 0. 0. 0. 1. 1. 0. 1. 0. 0. 1. 1. 0. 1. 0. 1. 1. 0. 0. 1. 0. 1. 0.
  0. 0. 0. 0. 0.]
 [0. 0. 0. 0. 1. 0. 1. 0. 0. 0. 0. 0. 0. 1. 1. 0. 1. 1. 1. 0. 0. 0. 1. 1.
  1. 0. 0. 0. 1. 0. 1. 0. 1. 1. 1. 1. 0. 1. 0. 1. 1. 0. 0. 0. 0. 1. 1. 1.
  1. 1. 1. 0. 1. 0. 1. 0. 1. 0. 0. 0. 1. 1. 0. 0. 0. 1. 1. 0. 1. 1. 0. 1.
  0. 0. 1. 1. 0. 0. 0. 0. 0. 0. 1. 0. 1. 0. 1. 1. 1. 0. 0. 0. 1. 0. 1. 1.
  0. 0. 0. 0. 0.]
 [0. 0. 1. 0. 0. 0. 1. 1. 0. 0. 1. 1. 1. 1. 0. 0. 1. 0. 0. 0. 0. 0. 0. 0.
  0. 1. 0. 0. 1. 0. 0. 0. 1. 0. 1. 1. 0. 1. 1. 0. 0. 1. 0. 0. 0. 0. 1. 1.
  1. 0. 1. 0. 1. 0. 0. 0. 0. 0. 0. 1. 1. 0. 1. 0. 0. 1. 1. 0. 1. 0. 1. 1.
  0. 1. 0. 0. 0. 1. 0. 0. 1. 0. 1. 0. 1. 1. 1. 0. 0. 1. 1. 1. 0. 0. 0. 0.
  1. 0. 0. 0. 1.]
 [0. 0. 1. 1. 0. 0. 1. 1. 1. 0. 0. 1. 0. 1. 1. 0. 0. 0. 0. 0. 0. 0. 0. 0.
  1. 0. 0. 1. 1. 0. 0. 0. 0. 0. 0. 1. 0. 1. 0. 1. 0. 0. 1. 0. 0. 0. 1. 1.
  0. 0. 1. 0. 0. 0. 0. 0. 0. 0. 0. 1. 0. 1. 1. 0. 0. 1. 1. 0. 1. 1. 1. 0.
  0. 1. 0. 1. 0. 1. 0. 1. 0. 0. 1. 0. 1. 0. 1. 0. 0. 0. 1. 0. 1. 0. 0. 0.
  0. 0. 0. 0. 0.]
 [0. 0. 1. 0. 0. 0. 0. 0. 0. 1. 0. 0. 0. 0. 0. 0. 1. 0. 0. 0. 1. 0. 1. 0.
  0. 1. 0. 0. 1. 0. 0. 0. 1. 0. 1. 1. 0. 1. 0. 1. 0. 0. 1. 0. 0. 0. 0. 0.
  0. 0. 0. 0. 0. 1. 0. 0. 0. 0. 0. 1. 1. 0. 1. 0. 0. 0. 1. 1. 1. 0. 1. 0.
  0. 0. 0. 0. 0. 0. 0. 1. 1. 0. 0. 0. 0. 0. 1. 0. 1. 0. 1. 1. 0. 1. 0. 0.
  0. 0. 0. 0. 1.]
 [0. 0. 1. 0. 1. 1. 0. 1. 1. 1. 0. 0. 0. 0. 1. 0. 1. 0. 0. 0. 1. 0. 0. 0.
  1. 1. 0. 1. 1. 0. 0. 0. 1. 1. 1. 1. 0. 1. 1. 1. 0. 1. 1. 0. 0. 0. 0. 0.
  1. 0. 0. 0. 0. 0. 0. 0. 0. 0. 1. 0. 1. 1. 1. 0. 0. 0. 0. 0. 1. 0. 1. 1.
  0. 1. 1. 0. 0. 1. 1. 0. 1. 0. 0. 0. 1. 0. 1. 0. 0. 0. 0. 1. 0. 0. 1. 1.
  0. 0. 1. 0. 1.]
 [0. 0. 1. 1. 0. 0. 0. 1. 0. 1. 0. 0. 0. 0. 0. 0. 1. 0. 0. 1. 1. 0. 0. 0.
  1. 1. 0. 0. 1. 0. 0. 0. 1. 0. 1. 1. 0. 1. 1. 1. 0. 1. 0. 0. 0. 0. 0. 1.
  0. 1. 0. 1. 0. 0. 0. 0. 0. 0. 0. 1. 1. 1. 1. 0. 0. 1. 0. 0. 1. 1. 1. 0.
  0. 1. 0. 0. 0. 0. 0. 1. 1. 0. 1. 0. 1. 0. 1. 0. 0. 0. 0. 0. 0. 0. 1. 0.
  0. 0. 0. 0. 0.]
 [0. 0. 0. 0. 0. 0. 1. 0. 1. 1. 0. 0. 0. 1. 0. 0. 1. 1. 0. 0. 0. 0. 0. 0.
  1. 0. 0. 1. 1. 0. 0. 0. 0. 0. 0. 0. 0. 0. 0. 1. 1. 1. 0. 0. 0. 0. 1. 0.
  0. 1. 0. 1. 0. 0. 0. 0. 1. 0. 1. 0. 0. 0. 0. 0. 0. 0. 0. 0. 0. 0. 0. 0.
  0. 1. 0. 0. 0. 0. 0. 0. 1. 0. 0. 0. 1. 1. 1. 0. 0. 0. 0. 0. 0. 0. 0. 0.
  1. 0. 0. 0. 0.]
 [0. 0. 0. 0. 0. 0. 0. 1. 0. 1. 1. 0. 0. 1. 0. 1. 0. 1. 0. 1. 0. 0. 1. 0.
  1. 1. 0. 1. 1. 0. 0. 0. 0. 1. 0. 1. 0. 1. 0. 0. 0. 0. 1. 0. 0. 0. 1. 1.
  0. 0. 1. 0. 0. 0. 0. 0. 0. 0. 0. 1. 1. 1. 1. 0. 0. 0. 0. 1. 1. 0. 1. 0.
  1. 1. 0. 0. 0. 0. 0. 1. 1. 0. 0. 0. 0. 1. 1. 0. 1. 0. 0. 0. 1. 0. 0. 0.
  0. 1. 0. 0. 0.]
 [0. 0. 1. 1. 1. 0. 0. 0. 1. 0. 0. 0. 0. 1. 0. 0. 0. 0. 0. 0. 0. 0. 0. 0.
  0. 0. 0. 0. 0. 0. 0. 0. 0. 0. 0. 1. 0. 1. 1. 1. 0. 0. 1. 0. 1. 0. 1. 0.
  1. 0. 0. 1. 0. 0. 1. 0. 1. 0. 0. 0. 1. 1. 1. 0. 0. 0. 1. 0. 1. 0. 0. 0.
  0. 0. 0. 0. 0. 1. 0. 0. 0. 0. 0. 0. 1. 0. 1. 0. 0. 0. 0. 0. 1. 1. 0. 0.
  1. 0. 0. 0. 0.]
 [0. 0. 1. 0. 1. 1. 0. 1. 1. 0. 1. 0. 0. 0. 0. 0. 0. 0. 0. 0. 0. 0. 1. 0.
  1. 0. 1. 0. 1. 0. 0. 0. 0. 1. 0. 1. 0. 1. 1. 0. 1. 1. 1. 0. 0. 1. 0. 1.
  1. 0. 1. 1. 1. 0. 1. 0. 1. 0. 1. 1. 1. 1. 1. 0. 0. 0. 0. 1. 1. 0. 0. 1.
  1. 0. 0. 1. 0. 1. 0. 1. 1. 0. 1. 0. 0. 1. 1. 0. 0. 1. 0. 0. 1. 0. 1. 0.
  0. 0. 0. 0. 1.]
 [0. 0. 1. 0. 0. 0. 1. 1. 0. 0. 0. 0. 1. 0. 1. 0. 1. 0. 0. 0. 0. 0. 0. 0.
  0. 0. 0. 1. 1. 0. 0. 0. 0. 0. 1. 1. 0. 1. 0. 0. 0. 0. 0. 0. 1. 0. 0. 0.
  0. 1. 1. 0. 1. 0. 0. 0. 0. 0. 0. 0. 0. 1. 1. 0. 0. 1. 0. 0. 1. 0. 1. 0.
  1. 0. 0. 0. 0. 1. 0. 0. 1. 0. 1. 0. 1. 0. 1. 0. 0. 1. 0. 0. 1. 0. 1. 0.
  0. 0. 0. 0. 0.]
 [0. 0. 1. 1. 0. 0. 0. 1. 0. 0. 1. 0. 0. 0. 1. 0. 1. 0. 0. 0. 1. 1. 1. 0.
  0. 0. 0. 1. 1. 0. 0. 0. 1. 1. 0. 1. 0. 1. 0. 1. 0. 0. 0. 0. 1. 1. 1. 1.
  0. 0. 0. 0. 0. 0. 0. 0. 0. 0. 0. 0. 0. 1. 1. 0. 0. 0. 0. 1. 1. 0. 0. 0.
  0. 0. 0. 1. 0. 0. 0. 0. 0. 0. 0. 0. 1. 0. 0. 1. 1. 0. 0. 0. 1. 1. 1. 0.
  0. 1. 1. 0. 0.]
 [0. 0. 1. 0. 1. 1. 0. 1. 1. 1. 1. 0. 1. 1. 0. 1. 1. 1. 1. 0. 1. 0. 0. 0.
  0. 0. 1. 1. 0. 0. 0. 0. 1. 1. 0. 1. 0. 1. 0. 0. 0. 0. 1. 0. 0. 0. 0. 1.
  0. 0. 1. 1. 0. 0. 0. 0. 0. 0. 0. 1. 0. 0. 1. 0. 0. 0. 1. 0. 1. 0. 1. 0.
  1. 1. 0. 0. 0. 0. 0. 1. 1. 0. 1. 1. 1. 1. 1. 0. 1. 0. 0. 0. 0. 0. 1. 0.
  1. 0. 1. 0. 1.]
 [0. 0. 1. 0. 0. 1. 0. 0. 1. 0. 1. 0. 0. 1. 0. 0. 1. 1. 0. 0. 0. 0. 1. 0.
  1. 0. 0. 0. 1. 1. 0. 0. 1. 0. 1. 0. 0. 0. 0. 0. 0. 1. 1. 0. 0. 1. 1. 1.
  0. 0. 1. 1. 0. 0. 1. 0. 0. 0. 0. 0. 0. 1. 1. 0. 0. 1. 1. 1. 1. 0. 1. 0.
  1. 0. 1. 1. 1. 0. 0. 0. 1. 0. 1. 0. 1. 0. 1. 0. 1. 0. 0. 0. 1. 0. 0. 0.
  0. 0. 0. 0. 1.]
 [0. 0. 0. 0. 0. 0. 1. 1. 1. 0. 0. 0. 1. 0. 0. 0. 1. 0. 0. 0. 0. 0. 1. 1.
  1. 0. 0. 1. 1. 0. 0. 0. 1. 0. 0. 1. 0. 1. 0. 1. 0. 1. 1. 0. 1. 0. 1. 1.
  0. 0. 1. 0. 0. 0. 0. 0. 0. 0. 0. 0. 0. 0. 1. 0. 0. 0. 1. 0. 1. 0. 1. 0.
  1. 1. 0. 1. 0. 0. 0. 1. 1. 0. 1. 0. 1. 1. 1. 0. 0. 0. 0. 0. 0. 0. 0. 0.
  1. 0. 0. 0. 0.]
 [0. 1. 1. 0. 1. 1. 1. 1. 1. 0. 1. 1. 1. 0. 0. 0. 1. 0. 1. 0. 1. 0. 1. 1.
  1. 0. 1. 1. 0. 0. 0. 0. 1. 0. 1. 1. 0. 1. 1. 1. 1. 1. 1. 0. 1. 0. 0. 0.
  1. 0. 0. 1. 0. 0. 1. 0. 1. 0. 1. 0. 1. 1. 1. 0. 0. 0. 0. 1. 1. 0. 1. 1.
  1. 1. 0. 0. 0. 0. 0. 1. 1. 0. 1. 0. 1. 1. 1. 0. 0. 0. 0. 1. 0. 0. 1. 0.
  1. 1. 1. 0. 0.]
 [0. 0. 1. 0. 0. 0. 0. 1. 1. 0. 1. 0. 0. 1. 0. 0. 1. 1. 0. 0. 0. 1. 0. 0.
  0. 1. 1. 1. 1. 0. 0. 0. 0. 0. 0. 1. 0. 1. 1. 0. 0. 1. 0. 0. 0. 0. 1. 1.
  0. 0. 1. 1. 0. 0. 0. 0. 0. 0. 1. 0. 0. 1. 1. 0. 0. 0. 0. 0. 1. 1. 1. 1.
  0. 0. 1. 1. 0. 0. 0. 1. 1. 0. 1. 0. 1. 1. 1. 0. 1. 0. 0. 0. 1. 1. 1. 0.
  0. 0. 1. 0. 1.]
 [0. 0. 0. 0. 1. 1. 1. 0. 1. 0. 1. 0. 0. 1. 0. 0. 0. 1. 0. 0. 0. 0. 1. 0.
  0. 0. 0. 0. 0. 0. 0. 0. 0. 0. 1. 0. 0. 1. 0. 1. 1. 0. 1. 0. 1. 1. 0. 1.
  0. 0. 1. 0. 0. 1. 1. 0. 1. 0. 0. 1. 1. 1. 1. 0. 0. 1. 1. 1. 1. 0. 0. 1.
  1. 0. 1. 0. 0. 0. 1. 1. 0. 0. 1. 0. 1. 0. 1. 0. 0. 1. 0. 0. 0. 0. 1. 0.
  0. 0. 0. 0. 0.]
 [0. 0. 0. 1. 0. 0. 0. 1. 1. 1. 1. 0. 0. 1. 0. 0. 0. 0. 0. 0. 0. 0. 1. 1.
  1. 1. 1. 1. 0. 0. 0. 0. 0. 0. 0. 1. 0. 1. 0. 0. 0. 0. 0. 0. 0. 0. 1. 1.
  0. 0. 0. 1. 0. 0. 0. 0. 0. 0. 0. 1. 0. 1. 1. 0. 0. 1. 0. 0. 1. 0. 1. 0.
  1. 1. 0. 0. 0. 0. 1. 0. 0. 0. 0. 0. 1. 0. 1. 0. 0. 1. 0. 0. 1. 0. 0. 0.
  0. 1. 0. 0. 0.]
 [0. 0. 1. 1. 1. 0. 1. 1. 1. 1. 1. 1. 0. 1. 1. 0. 1. 0. 0. 0. 0. 0. 1. 0.
  1. 0. 0. 1. 1. 0. 0. 0. 0. 0. 1. 1. 0. 1. 1. 0. 1. 1. 1. 1. 1. 0. 0. 1.
  0. 0. 1. 0. 1. 0. 0. 0. 1. 0. 0. 1. 0. 1. 1. 0. 0. 0. 1. 0. 1. 0. 1. 1.
  0. 0. 0. 1. 0. 0. 0. 1. 1. 0. 1. 1. 1. 0. 1. 1. 1. 0. 0. 0. 1. 0. 1. 0.
  1. 0. 0. 0. 0.]
 [1. 0. 1. 0. 1. 0. 1. 1. 0. 1. 0. 0. 0. 1. 0. 1. 1. 1. 0. 0. 1. 0. 0. 1.
  0. 0. 0. 0. 1. 0. 0. 0. 0. 0. 1. 1. 0. 1. 1. 1. 0. 0. 1. 1. 0. 0. 1. 1.
  0. 0. 1. 1. 0. 0. 1. 0. 0. 0. 0. 1. 0. 1. 1. 0. 0. 0. 1. 0. 1. 1. 0. 0.
  1. 0. 0. 1. 0. 0. 0. 1. 0. 0. 1. 0. 0. 1. 1. 0. 1. 1. 0. 0. 1. 1. 1. 0.
  1. 1. 0. 0. 0.]
 [0. 0. 0. 0. 1. 1. 0. 1. 0. 1. 1. 0. 0. 1. 0. 0. 1. 1. 1. 0. 1. 0. 0. 1.
  1. 0. 0. 0. 0. 0. 0. 0. 1. 0. 1. 1. 0. 1. 0. 1. 0. 1. 1. 0. 0. 0. 1. 1.
  0. 0. 0. 0. 0. 0. 0. 0. 0. 0. 0. 0. 0. 1. 1. 0. 0. 1. 1. 0. 1. 1. 1. 0.
  1. 1. 0. 0. 0. 1. 0. 1. 1. 0. 0. 0. 1. 0. 1. 0. 0. 0. 0. 0. 0. 1. 1. 1.
  1. 0. 0. 0. 1.]
 [0. 0. 0. 0. 0. 0. 0. 0. 1. 0. 1. 0. 0. 1. 0. 1. 1. 1. 0. 0. 1. 0. 0. 0.
  0. 0. 0. 0. 1. 0. 0. 0. 0. 1. 1. 1. 0. 1. 0. 0. 0. 1. 1. 0. 0. 0. 0. 1.
  1. 0. 1. 1. 0. 0. 0. 0. 0. 0. 0. 0. 1. 1. 0. 0. 0. 1. 0. 0. 0. 1. 1. 1.
  1. 0. 0. 0. 0. 1. 0. 0. 1. 0. 0. 0. 1. 0. 0. 0. 0. 0. 0. 1. 0. 0. 0. 0.
  0. 0. 0. 0. 1.]
 [0. 0. 0. 1. 0. 1. 1. 1. 1. 0. 1. 1. 1. 1. 0. 0. 0. 0. 0. 0. 1. 1. 1. 1.
  0. 0. 0. 1. 0. 0. 1. 0. 0. 1. 0. 1. 0. 1. 0. 1. 0. 0. 0. 1. 0. 1. 0. 1.
  1. 1. 1. 0. 1. 0. 0. 0. 0. 0. 0. 0. 1. 1. 1. 0. 0. 1. 1. 0. 1. 0. 1. 1.
  1. 0. 0. 0. 0. 0. 0. 0. 1. 0. 0. 0. 1. 1. 1. 0. 0. 1. 0. 0. 0. 0. 0. 0.
  1. 0. 0. 0. 0.]
 [0. 0. 0. 0. 0. 0. 0. 0. 0. 0. 0. 0. 0. 0. 0. 0. 0. 0. 0. 0. 0. 0. 0. 0.
  0. 0. 0. 0. 0. 0. 0. 0. 0. 0. 0. 0. 0. 0. 0. 0. 0. 0. 0. 0. 0. 0. 0. 0.
  0. 0. 0. 0. 0. 0. 0. 0. 0. 0. 0. 0. 0. 0. 0. 0. 0. 0. 0. 0. 0. 0. 0. 0.
  0. 0. 0. 0. 0. 0. 0. 0. 0. 0. 0. 0. 0. 0. 0. 0. 0. 0. 0. 0. 0. 0. 0. 0.
  0. 0. 0. 0. 0.]]

Implement >
                        Hub               Authority
37   [0.010064670631027511]  [0.024211493741870746]
62   [0.007737122046313935]  [0.022734948057773072]
35   [0.009367132047610484]  [0.022626761600570904]
86   [0.008338463683258215]  [0.022445331612109928]
68   [0.009667610272071109]   [0.02150005783009765]
16   [0.009804636020946644]   [0.01992710294725039]
7    [0.005931065340795744]  [0.019712231367049228]
84   [0.007471594922130131]  [0.018961031239353245]
47   [0.011674196958180182]  [0.018788372265357484]
2     [0.01015972720813854]   [0.01817212336034084]
27   [0.012379066974132704]  [0.017347717889890566]
42   [0.009780930600962882]   [0.01727480578068866]
10    [0.00980852433032276]   [0.01705686692600523]
70   [0.011268047255064783]   [0.01672601600902691]
82   [0.005684712308194978]   [0.01645523535206791]
46   [0.011335188459114114]  [0.016042340998721403]
39   [0.007924747425510434]  [0.015977024008195288]
28   [0.011513170872132276]  [0.015813621707947905]
13   [0.010751810439543243]   [0.01574967824034951]
80   [0.010468219378006231]   [0.01555937393940463]
34   [0.008949653057359216]  [0.015465633719029941]
66   [0.012361588645375234]  [0.015451460370991212]
50   [0.009134160118230641]   [0.01541104663600451]
61    [0.00833632901544672]  [0.015291684877205636]
79   [0.007663810722660631]  [0.015174189884808549]
60   [0.010887213671541216]  [0.015110972962875767]
72  [0.0074823102300899955]  [0.014975712280294012]
38   [0.010944098572785882]  [0.014923960248532216]
85   [0.011326551425068504]  [0.014873972572047218]
8    [0.011867147797487551]  [0.014867358403820833]
                  PageRank
37  [0.022290977325645417]
62   [0.02178969994215656]
86   [0.02162417893662869]
35  [0.021165282039142034]
68   [0.02042546551504298]
16  [0.018661998389947747]
2   [0.017423873106633316]
84  [0.017238306870069487]
7    [0.01723452552839687]
27  [0.016950759982694758]
47  [0.016802757678424585]
82  [0.016249737410837135]
80  [0.015366404377144786]
70   [0.01527698951580031]
28  [0.015237091933384465]
46    [0.0152209771359549]
42  [0.014797704938644187]
39  [0.014742687968639817]
60  [0.014710461469139341]
10  [0.014499406426163089]
66  [0.014447580603637355]
34  [0.014353920628889832]
38  [0.014309280899036141]
50  [0.014161673452746139]
13  [0.013935747996573515]
61  [0.013885198756188582]
85    [0.0138675098817468]
79  [0.013828528081603269]
8   [0.013457528702245255]
51  [0.013406310830578817]

HITS Algorithm Execution time :0.002819910339771402 sec
PageRank Algorithm Execution time :0.35225412545220725 sec
SimRank Algorithm Execution time :0.025923644580123306 sec

Using NetworkX >
      Hub  Authority
38  0.010      0.024
63  0.008      0.023
36  0.009      0.023
87  0.008      0.022
69  0.010      0.022
17  0.010      0.020
8   0.006      0.020
85  0.007      0.019
48  0.012      0.019
3   0.010      0.018
28  0.012      0.017
43  0.010      0.017
11  0.010      0.017
71  0.011      0.017
83  0.006      0.016
47  0.011      0.016
40  0.008      0.016
29  0.012      0.016
14  0.011      0.016
81  0.010      0.016
35  0.009      0.015
67  0.012      0.015
51  0.009      0.015
62  0.008      0.015
80  0.008      0.015
61  0.011      0.015
73  0.007      0.015
39  0.011      0.015
86  0.011      0.015
9   0.012      0.015
    PageRank
38     0.022
63     0.022
87     0.022
36     0.021
69     0.020
17     0.019
3      0.017
85     0.017
8      0.017
28     0.017
48     0.017
83     0.016
81     0.015
71     0.015
29     0.015
47     0.015
43     0.015
40     0.015
61     0.015
11     0.014
67     0.014
35     0.014
39     0.014
51     0.014
14     0.014
62     0.014
86     0.014
80     0.014
9      0.013
52     0.013

HITS Algorithm Execution time :0.04577479177433508 sec
PageRank Algorithm Execution time :0.02947369686189205 sec

***Repl Closed***
